eta, f, f_linha, f_duas_linhas
0.0000, 0.000000, 0.000000, 0.332057
0.0100, 0.000017, 0.003321, 0.332057
0.0200, 0.000066, 0.006641, 0.332057
0.0300, 0.000149, 0.009962, 0.332057
0.0400, 0.000266, 0.013282, 0.332057
0.0500, 0.000415, 0.016603, 0.332056
0.0600, 0.000598, 0.019923, 0.332055
0.0700, 0.000814, 0.023244, 0.332054
0.0800, 0.001063, 0.026564, 0.332053
0.0900, 0.001345, 0.029885, 0.332051
0.1000, 0.001660, 0.033206, 0.332048
0.1100, 0.002009, 0.036526, 0.332045
0.1200, 0.002391, 0.039846, 0.332041
0.1300, 0.002806, 0.043167, 0.332037
0.1400, 0.003254, 0.046487, 0.332032
0.1500, 0.003736, 0.049807, 0.332026
0.1600, 0.004250, 0.053128, 0.332020
0.1700, 0.004798, 0.056448, 0.332012
0.1800, 0.005379, 0.059768, 0.332004
0.1900, 0.005994, 0.063088, 0.331994
0.2000, 0.006641, 0.066408, 0.331984
0.2100, 0.007322, 0.069728, 0.331972
0.2200, 0.008036, 0.073047, 0.331960
0.2300, 0.008783, 0.076367, 0.331946
0.2400, 0.009563, 0.079686, 0.331930
0.2500, 0.010376, 0.083005, 0.331914
0.2600, 0.011223, 0.086324, 0.331896
0.2700, 0.012103, 0.089643, 0.331877
0.2800, 0.013016, 0.092962, 0.331856
0.2900, 0.013962, 0.096280, 0.331833
0.3000, 0.014941, 0.099599, 0.331809
0.3100, 0.015954, 0.102917, 0.331784
0.3200, 0.017000, 0.106234, 0.331756
0.3300, 0.018079, 0.109552, 0.331727
0.3400, 0.019191, 0.112869, 0.331696
0.3500, 0.020336, 0.116186, 0.331664
0.3600, 0.021515, 0.119502, 0.331629
0.3700, 0.022726, 0.122818, 0.331592
0.3800, 0.023971, 0.126134, 0.331554
0.3900, 0.025249, 0.129449, 0.331513
0.4000, 0.026560, 0.132764, 0.331470
0.4100, 0.027904, 0.136079, 0.331425
0.4200, 0.029281, 0.139393, 0.331377
0.4300, 0.030692, 0.142706, 0.331328
0.4400, 0.032136, 0.146019, 0.331276
0.4500, 0.033612, 0.149332, 0.331221
0.4600, 0.035122, 0.152644, 0.331164
0.4700, 0.036665, 0.155955, 0.331105
0.4800, 0.038241, 0.159266, 0.331043
0.4900, 0.039851, 0.162576, 0.330978
0.5000, 0.041493, 0.165885, 0.330911
0.5100, 0.043168, 0.169194, 0.330841
0.5200, 0.044877, 0.172502, 0.330768
0.5300, 0.046618, 0.175809, 0.330692
0.5400, 0.048393, 0.179116, 0.330614
0.5500, 0.050201, 0.182422, 0.330532
0.5600, 0.052041, 0.185727, 0.330448
0.5700, 0.053915, 0.189031, 0.330360
0.5800, 0.055822, 0.192334, 0.330270
0.5900, 0.057762, 0.195636, 0.330176
0.6000, 0.059735, 0.198937, 0.330079
0.6100, 0.061741, 0.202238, 0.329979
0.6200, 0.063779, 0.205537, 0.329875
0.6300, 0.065851, 0.208835, 0.329769
0.6400, 0.067956, 0.212132, 0.329658
0.6500, 0.070094, 0.215428, 0.329544
0.6600, 0.072265, 0.218723, 0.329427
0.6700, 0.074468, 0.222017, 0.329306
0.6800, 0.076705, 0.225309, 0.329182
0.6900, 0.078975, 0.228600, 0.329054
0.7000, 0.081277, 0.231890, 0.328922
0.7100, 0.083612, 0.235179, 0.328787
0.7200, 0.085981, 0.238466, 0.328647
0.7300, 0.088382, 0.241752, 0.328504
0.7400, 0.090816, 0.245036, 0.328357
0.7500, 0.093282, 0.248319, 0.328206
0.7600, 0.095782, 0.251600, 0.328051
0.7700, 0.098314, 0.254880, 0.327891
0.7800, 0.100880, 0.258158, 0.327728
0.7900, 0.103478, 0.261434, 0.327561
0.8000, 0.106108, 0.264709, 0.327389
0.8100, 0.108772, 0.267982, 0.327213
0.8200, 0.111468, 0.271253, 0.327033
0.8300, 0.114197, 0.274523, 0.326849
0.8400, 0.116958, 0.277790, 0.326660
0.8500, 0.119753, 0.281056, 0.326467
0.8600, 0.122579, 0.284320, 0.326269
0.8700, 0.125439, 0.287581, 0.326067
0.8800, 0.128331, 0.290841, 0.325860
0.8900, 0.131256, 0.294099, 0.325649
0.9000, 0.134213, 0.297354, 0.325433
0.9100, 0.137203, 0.300607, 0.325212
0.9200, 0.140225, 0.303858, 0.324986
0.9300, 0.143280, 0.307107, 0.324756
0.9400, 0.146367, 0.310353, 0.324521
0.9500, 0.149487, 0.313597, 0.324281
0.9600, 0.152639, 0.316839, 0.324036
0.9700, 0.155824, 0.320078, 0.323787
0.9800, 0.159041, 0.323315, 0.323532
0.9900, 0.162290, 0.326549, 0.323272
1.0000, 0.165572, 0.329780, 0.323007
1.0100, 0.168886, 0.333009, 0.322737
1.0200, 0.172232, 0.336235, 0.322462
1.0300, 0.175610, 0.339458, 0.322182
1.0400, 0.179021, 0.342678, 0.321896
1.0500, 0.182464, 0.345896, 0.321605
1.0600, 0.185939, 0.349110, 0.321309
1.0700, 0.189446, 0.352322, 0.321008
1.0800, 0.192985, 0.355531, 0.320701
1.0900, 0.196557, 0.358736, 0.320389
1.1000, 0.200160, 0.361938, 0.320072
1.1100, 0.203795, 0.365137, 0.319748
1.1200, 0.207463, 0.368333, 0.319420
1.1300, 0.211162, 0.371526, 0.319086
1.1400, 0.214893, 0.374715, 0.318746
1.1500, 0.218656, 0.377901, 0.318401
1.1600, 0.222451, 0.381083, 0.318050
1.1700, 0.226278, 0.384262, 0.317693
1.1800, 0.230137, 0.387437, 0.317331
1.1900, 0.234027, 0.390608, 0.316963
1.2000, 0.237949, 0.393776, 0.316589
1.2100, 0.241902, 0.396940, 0.316210
1.2200, 0.245888, 0.400100, 0.315824
1.2300, 0.249904, 0.403257, 0.315433
1.2400, 0.253953, 0.406409, 0.315036
1.2500, 0.258032, 0.409557, 0.314633
1.2600, 0.262144, 0.412702, 0.314224
1.2700, 0.266286, 0.415842, 0.313809
1.2800, 0.270461, 0.418978, 0.313388
1.2900, 0.274666, 0.422110, 0.312962
1.3000, 0.278903, 0.425237, 0.312529
1.3100, 0.283171, 0.428360, 0.312090
1.3200, 0.287470, 0.431479, 0.311645
1.3300, 0.291800, 0.434593, 0.311194
1.3400, 0.296162, 0.437703, 0.310737
1.3500, 0.300554, 0.440808, 0.310274
1.3600, 0.304978, 0.443908, 0.309805
1.3700, 0.309432, 0.447004, 0.309329
1.3800, 0.313918, 0.450095, 0.308847
1.3900, 0.318434, 0.453181, 0.308359
1.4000, 0.322982, 0.456262, 0.307865
1.4100, 0.327560, 0.459338, 0.307365
1.4200, 0.332168, 0.462409, 0.306859
1.4300, 0.336808, 0.465475, 0.306346
1.4400, 0.341478, 0.468536, 0.305827
1.4500, 0.346178, 0.471592, 0.305301
1.4600, 0.350910, 0.474642, 0.304770
1.4700, 0.355671, 0.477687, 0.304232
1.4800, 0.360463, 0.480727, 0.303688
1.4900, 0.365286, 0.483761, 0.303137
1.5000, 0.370139, 0.486789, 0.302581
1.5100, 0.375022, 0.489812, 0.302017
1.5200, 0.379935, 0.492830, 0.301448
1.5300, 0.384878, 0.495841, 0.300872
1.5400, 0.389852, 0.498847, 0.300290
1.5500, 0.394855, 0.501847, 0.299701
1.5600, 0.399889, 0.504841, 0.299107
1.5700, 0.404952, 0.507829, 0.298505
1.5800, 0.410045, 0.510811, 0.297898
1.5900, 0.415168, 0.513787, 0.297284
1.6000, 0.420321, 0.516757, 0.296663
1.6100, 0.425503, 0.519720, 0.296037
1.6200, 0.430715, 0.522678, 0.295404
1.6300, 0.435957, 0.525628, 0.294764
1.6400, 0.441228, 0.528573, 0.294119
1.6500, 0.446528, 0.531511, 0.293467
1.6600, 0.451858, 0.534442, 0.292808
1.6700, 0.457217, 0.537367, 0.292144
1.6800, 0.462605, 0.540285, 0.291473
1.6900, 0.468023, 0.543196, 0.290795
1.7000, 0.473469, 0.546101, 0.290112
1.7100, 0.478945, 0.548999, 0.289422
1.7200, 0.484449, 0.551889, 0.288725
1.7300, 0.489982, 0.554773, 0.288023
1.7400, 0.495545, 0.557650, 0.287314
1.7500, 0.501135, 0.560519, 0.286599
1.7600, 0.506755, 0.563382, 0.285878
1.7700, 0.512403, 0.566237, 0.285151
1.7800, 0.518080, 0.569085, 0.284417
1.7900, 0.523785, 0.571925, 0.283677
1.8000, 0.529518, 0.574758, 0.282931
1.8100, 0.535280, 0.577584, 0.282179
1.8200, 0.541070, 0.580402, 0.281421
1.8300, 0.546888, 0.583212, 0.280656
1.8400, 0.552734, 0.586015, 0.279886
1.8500, 0.558608, 0.588810, 0.279109
1.8600, 0.564510, 0.591597, 0.278327
1.8700, 0.570440, 0.594376, 0.277538
1.8800, 0.576398, 0.597148, 0.276743
1.8900, 0.582383, 0.599911, 0.275943
1.9000, 0.588396, 0.602667, 0.275136
1.9100, 0.594436, 0.605414, 0.274324
1.9200, 0.600504, 0.608153, 0.273506
1.9300, 0.606599, 0.610884, 0.272682
1.9400, 0.612722, 0.613607, 0.271852
1.9500, 0.618871, 0.616321, 0.271016
1.9600, 0.625048, 0.619027, 0.270174
1.9700, 0.631252, 0.621724, 0.269327
1.9800, 0.637483, 0.624413, 0.268474
1.9900, 0.643740, 0.627094, 0.267616
2.0000, 0.650024, 0.629766, 0.266752
2.0100, 0.656335, 0.632429, 0.265882
2.0200, 0.662673, 0.635083, 0.265006
2.0300, 0.669037, 0.637729, 0.264126
2.0400, 0.675428, 0.640366, 0.263239
2.0500, 0.681844, 0.642994, 0.262348
2.0600, 0.688287, 0.645613, 0.261451
2.0700, 0.694757, 0.648223, 0.260548
2.0800, 0.701252, 0.650824, 0.259640
2.0900, 0.707773, 0.653416, 0.258727
2.1000, 0.714320, 0.655998, 0.257809
2.1100, 0.720893, 0.658572, 0.256886
2.1200, 0.727491, 0.661136, 0.255957
2.1300, 0.734116, 0.663691, 0.255024
2.1400, 0.740765, 0.666236, 0.254085
2.1500, 0.747440, 0.668773, 0.253142
2.1600, 0.754141, 0.671299, 0.252193
2.1700, 0.760866, 0.673816, 0.251240
2.1800, 0.767617, 0.676324, 0.250282
2.1900, 0.774393, 0.678822, 0.249319
2.2000, 0.781193, 0.681310, 0.248351
2.2100, 0.788019, 0.683789, 0.247379
2.2200, 0.794869, 0.686258, 0.246402
2.2300, 0.801744, 0.688717, 0.245420
2.2400, 0.808643, 0.691166, 0.244434
2.2500, 0.815567, 0.693606, 0.243443
2.2600, 0.822516, 0.696035, 0.242449
2.2700, 0.829488, 0.698455, 0.241449
2.2800, 0.836485, 0.700864, 0.240446
2.2900, 0.843505, 0.703264, 0.239438
2.3000, 0.850550, 0.705653, 0.238426
2.3100, 0.857618, 0.708032, 0.237410
2.3200, 0.864710, 0.710401, 0.236390
2.3300, 0.871826, 0.712760, 0.235366
2.3400, 0.878966, 0.715108, 0.234338
2.3500, 0.886128, 0.717447, 0.233306
2.3600, 0.893314, 0.719775, 0.232271
2.3700, 0.900524, 0.722092, 0.231231
2.3800, 0.907756, 0.724399, 0.230188
2.3900, 0.915012, 0.726696, 0.229142
2.4000, 0.922290, 0.728982, 0.228092
2.4100, 0.929591, 0.731258, 0.227038
2.4200, 0.936915, 0.733523, 0.225981
2.4300, 0.944262, 0.735777, 0.224921
2.4400, 0.951631, 0.738021, 0.223857
2.4500, 0.959022, 0.740254, 0.222791
2.4600, 0.966436, 0.742477, 0.221721
2.4700, 0.973872, 0.744689, 0.220648
2.4800, 0.981330, 0.746890, 0.219572
2.4900, 0.988809, 0.749080, 0.218493
2.5000, 0.996311, 0.751260, 0.217412
2.5100, 1.003835, 0.753428, 0.216327
2.5200, 1.011380, 0.755586, 0.215240
2.5300, 1.018946, 0.757733, 0.214150
2.5400, 1.026534, 0.759869, 0.213058
2.5500, 1.034144, 0.761994, 0.211963
2.5600, 1.041774, 0.764109, 0.210866
2.5700, 1.049426, 0.766212, 0.209766
2.5800, 1.057098, 0.768304, 0.208665
2.5900, 1.064792, 0.770385, 0.207561
2.6000, 1.072506, 0.772455, 0.206455
2.6100, 1.080241, 0.774514, 0.205347
2.6200, 1.087996, 0.776562, 0.204236
2.6300, 1.095772, 0.778599, 0.203124
2.6400, 1.103568, 0.780624, 0.202011
2.6500, 1.111385, 0.782639, 0.200895
2.6600, 1.119221, 0.784642, 0.199778
2.6700, 1.127077, 0.786635, 0.198659
2.6800, 1.134954, 0.788616, 0.197539
2.6900, 1.142850, 0.790585, 0.196417
2.7000, 1.150765, 0.792544, 0.195294
2.7100, 1.158700, 0.794491, 0.194170
2.7200, 1.166655, 0.796427, 0.193044
2.7300, 1.174629, 0.798352, 0.191918
2.7400, 1.182622, 0.800266, 0.190790
2.7500, 1.190634, 0.802168, 0.189661
2.7600, 1.198665, 0.804059, 0.188532
2.7700, 1.206715, 0.805939, 0.187402
2.7800, 1.214784, 0.807807, 0.186271
2.7900, 1.222871, 0.809664, 0.185139
2.8000, 1.230977, 0.811510, 0.184007
2.8100, 1.239102, 0.813344, 0.182874
2.8200, 1.247244, 0.815167, 0.181741
2.8300, 1.255405, 0.816979, 0.180607
2.8400, 1.263584, 0.818779, 0.179473
2.8500, 1.271780, 0.820568, 0.178339
2.8600, 1.279995, 0.822346, 0.177205
2.8700, 1.288227, 0.824112, 0.176071
2.8800, 1.296477, 0.825867, 0.174937
2.8900, 1.304745, 0.827611, 0.173803
2.9000, 1.313029, 0.829344, 0.172669
2.9100, 1.321332, 0.831065, 0.171536
2.9200, 1.329651, 0.832774, 0.170403
2.9300, 1.337987, 0.834473, 0.169270
2.9400, 1.346340, 0.836160, 0.168138
2.9500, 1.354710, 0.837835, 0.167007
2.9600, 1.363097, 0.839500, 0.165876
2.9700, 1.371500, 0.841153, 0.164746
2.9800, 1.379920, 0.842795, 0.163616
2.9900, 1.388356, 0.844425, 0.162488
3.0000, 1.396808, 0.846044, 0.161360
3.0100, 1.405277, 0.847652, 0.160234
3.0200, 1.413761, 0.849249, 0.159109
3.0300, 1.422262, 0.850835, 0.157985
3.0400, 1.430778, 0.852409, 0.156862
3.0500, 1.439310, 0.853972, 0.155740
3.0600, 1.447857, 0.855524, 0.154620
3.0700, 1.456420, 0.857064, 0.153502
3.0800, 1.464999, 0.858594, 0.152385
3.0900, 1.473592, 0.860112, 0.151269
3.1000, 1.482201, 0.861619, 0.150155
3.1100, 1.490824, 0.863115, 0.149044
3.1200, 1.499463, 0.864600, 0.147934
3.1300, 1.508116, 0.866074, 0.146825
3.1400, 1.516785, 0.867536, 0.145719
3.1500, 1.525467, 0.868988, 0.144615
3.1600, 1.534164, 0.870429, 0.143513
3.1700, 1.542876, 0.871858, 0.142413
3.1800, 1.551601, 0.873277, 0.141316
3.1900, 1.560341, 0.874685, 0.140221
3.2000, 1.569095, 0.876081, 0.139128
3.2100, 1.577863, 0.877467, 0.138038
3.2200, 1.586644, 0.878842, 0.136950
3.2300, 1.595440, 0.880206, 0.135865
3.2400, 1.604248, 0.881560, 0.134782
3.2500, 1.613071, 0.882902, 0.133703
3.2600, 1.621906, 0.884234, 0.132626
3.2700, 1.630755, 0.885555, 0.131552
3.2800, 1.639617, 0.886865, 0.130480
3.2900, 1.648493, 0.888164, 0.129412
3.3000, 1.657381, 0.889453, 0.128347
3.3100, 1.666282, 0.890731, 0.127285
3.3200, 1.675195, 0.891999, 0.126226
3.3300, 1.684122, 0.893256, 0.125171
3.3400, 1.693060, 0.894502, 0.124118
3.3500, 1.702012, 0.895738, 0.123069
3.3600, 1.710975, 0.896963, 0.122024
3.3700, 1.719951, 0.898178, 0.120981
3.3800, 1.728939, 0.899383, 0.119943
3.3900, 1.737938, 0.900577, 0.118908
3.4000, 1.746950, 0.901761, 0.117876
3.4100, 1.755974, 0.902935, 0.116848
3.4200, 1.765009, 0.904098, 0.115824
3.4300, 1.774056, 0.905251, 0.114804
3.4400, 1.783114, 0.906394, 0.113788
3.4500, 1.792183, 0.907527, 0.112775
3.4600, 1.801264, 0.908650, 0.111767
3.4700, 1.810356, 0.909762, 0.110762
3.4800, 1.819460, 0.910865, 0.109761
3.4900, 1.828574, 0.911958, 0.108765
3.5000, 1.837699, 0.913040, 0.107773
3.5100, 1.846834, 0.914113, 0.106784
3.5200, 1.855981, 0.915176, 0.105801
3.5300, 1.865138, 0.916229, 0.104821
3.5400, 1.874305, 0.917273, 0.103845
3.5500, 1.883483, 0.918306, 0.102874
3.5600, 1.892672, 0.919330, 0.101908
3.5700, 1.901870, 0.920344, 0.100946
3.5800, 1.911078, 0.921349, 0.099988
3.5900, 1.920297, 0.922344, 0.099035
3.6000, 1.929525, 0.923330, 0.098086
3.6100, 1.938763, 0.924306, 0.097142
3.6200, 1.948011, 0.925273, 0.096203
3.6300, 1.957269, 0.926230, 0.095268
3.6400, 1.966536, 0.927178, 0.094338
3.6500, 1.975812, 0.928117, 0.093413
3.6600, 1.985098, 0.929046, 0.092493
3.6700, 1.994393, 0.929967, 0.091577
3.6800, 2.003698, 0.930878, 0.090666
3.6900, 2.013011, 0.931780, 0.089760
3.7000, 2.022333, 0.932673, 0.088859
3.7100, 2.031664, 0.933557, 0.087963
3.7200, 2.041004, 0.934432, 0.087072
3.7300, 2.050353, 0.935299, 0.086186
3.7400, 2.059710, 0.936156, 0.085305
3.7500, 2.069076, 0.937005, 0.084429
3.7600, 2.078450, 0.937845, 0.083558
3.7700, 2.087833, 0.938676, 0.082692
3.7800, 2.097224, 0.939498, 0.081832
3.7900, 2.106623, 0.940313, 0.080976
3.8000, 2.116030, 0.941118, 0.080126
3.8100, 2.125445, 0.941915, 0.079281
3.8200, 2.134868, 0.942704, 0.078441
3.8300, 2.144299, 0.943484, 0.077606
3.8400, 2.153738, 0.944256, 0.076777
3.8500, 2.163184, 0.945019, 0.075953
3.8600, 2.172638, 0.945775, 0.075134
3.8700, 2.182100, 0.946522, 0.074320
3.8800, 2.191569, 0.947261, 0.073512
3.8900, 2.201045, 0.947992, 0.072709
3.9000, 2.210528, 0.948716, 0.071912
3.9100, 2.220019, 0.949431, 0.071120
3.9200, 2.229517, 0.950138, 0.070333
3.9300, 2.239022, 0.950837, 0.069551
3.9400, 2.248534, 0.951529, 0.068776
3.9500, 2.258052, 0.952213, 0.068005
3.9600, 2.267578, 0.952889, 0.067240
3.9700, 2.277110, 0.953558, 0.066480
3.9800, 2.286649, 0.954219, 0.065726
3.9900, 2.296195, 0.954872, 0.064977
4.0000, 2.305747, 0.955518, 0.064234
4.0100, 2.315305, 0.956157, 0.063496
4.0200, 2.324870, 0.956788, 0.062764
4.0300, 2.334441, 0.957412, 0.062037
4.0400, 2.344018, 0.958029, 0.061316
4.0500, 2.353601, 0.958639, 0.060600
4.0600, 2.363191, 0.959241, 0.059889
4.0700, 2.372786, 0.959836, 0.059185
4.0800, 2.382387, 0.960425, 0.058485
4.0900, 2.391994, 0.961006, 0.057791
4.1000, 2.401607, 0.961581, 0.057103
4.1100, 2.411226, 0.962148, 0.056420
4.1200, 2.420850, 0.962709, 0.055742
4.1300, 2.430480, 0.963263, 0.055070
4.1400, 2.440116, 0.963810, 0.054404
4.1500, 2.449756, 0.964351, 0.053743
4.1600, 2.459403, 0.964885, 0.053087
4.1700, 2.469054, 0.965413, 0.052437
4.1800, 2.478711, 0.965934, 0.051793
4.1900, 2.488373, 0.966449, 0.051153
4.2000, 2.498040, 0.966957, 0.050520
4.2100, 2.507712, 0.967459, 0.049891
4.2200, 2.517389, 0.967955, 0.049269
4.2300, 2.527071, 0.968445, 0.048651
4.2400, 2.536758, 0.968928, 0.048039
4.2500, 2.546449, 0.969405, 0.047433
4.2600, 2.556146, 0.969877, 0.046831
4.2700, 2.565847, 0.970342, 0.046235
4.2800, 2.575553, 0.970801, 0.045645
4.2900, 2.585263, 0.971255, 0.045060
4.3000, 2.594978, 0.971703, 0.044480
4.3100, 2.604697, 0.972145, 0.043906
4.3200, 2.614421, 0.972581, 0.043336
4.3300, 2.624149, 0.973011, 0.042773
4.3400, 2.633881, 0.973436, 0.042214
4.3500, 2.643617, 0.973856, 0.041661
4.3600, 2.653358, 0.974269, 0.041113
4.3700, 2.663103, 0.974678, 0.040570
4.3800, 2.672852, 0.975081, 0.040032
4.3900, 2.682604, 0.975479, 0.039500
4.4000, 2.692361, 0.975871, 0.038973
4.4100, 2.702122, 0.976258, 0.038451
4.4200, 2.711886, 0.976640, 0.037934
4.4300, 2.721654, 0.977017, 0.037422
4.4400, 2.731427, 0.977388, 0.036915
4.4500, 2.741202, 0.977755, 0.036414
4.4600, 2.750982, 0.978117, 0.035917
4.4700, 2.760765, 0.978473, 0.035425
4.4800, 2.770551, 0.978825, 0.034939
4.4900, 2.780341, 0.979172, 0.034457
4.5000, 2.790134, 0.979514, 0.033981
4.5100, 2.799931, 0.979852, 0.033509
4.5200, 2.809731, 0.980185, 0.033043
4.5300, 2.819535, 0.980513, 0.032581
4.5400, 2.829342, 0.980836, 0.032124
4.5500, 2.839152, 0.981155, 0.031672
4.5600, 2.848965, 0.981470, 0.031225
4.5700, 2.858781, 0.981780, 0.030782
4.5800, 2.868600, 0.982085, 0.030345
4.5900, 2.878423, 0.982387, 0.029912
4.6000, 2.888248, 0.982684, 0.029484
4.6100, 2.898076, 0.982976, 0.029060
4.6200, 2.907908, 0.983265, 0.028642
4.6300, 2.917742, 0.983549, 0.028227
4.6400, 2.927579, 0.983829, 0.027818
4.6500, 2.937418, 0.984105, 0.027413
4.6600, 2.947261, 0.984378, 0.027013
4.6700, 2.957106, 0.984646, 0.026617
4.6800, 2.966954, 0.984910, 0.026226
4.6900, 2.976804, 0.985170, 0.025839
4.7000, 2.986657, 0.985427, 0.025456
4.7100, 2.996513, 0.985679, 0.025078
4.7200, 3.006371, 0.985928, 0.024705
4.7300, 3.016231, 0.986174, 0.024336
4.7400, 3.026094, 0.986415, 0.023971
4.7500, 3.035959, 0.986653, 0.023610
4.7600, 3.045827, 0.986887, 0.023254
4.7700, 3.055697, 0.987118, 0.022902
4.7800, 3.065569, 0.987345, 0.022554
4.7900, 3.075444, 0.987569, 0.022211
4.8000, 3.085321, 0.987790, 0.021871
4.8100, 3.095200, 0.988007, 0.021536
4.8200, 3.105081, 0.988220, 0.021205
4.8300, 3.114964, 0.988431, 0.020877
4.8400, 3.124850, 0.988638, 0.020554
4.8500, 3.134737, 0.988842, 0.020235
4.8600, 3.144626, 0.989043, 0.019920
4.8700, 3.154518, 0.989240, 0.019609
4.8800, 3.164411, 0.989435, 0.019301
4.8900, 3.174306, 0.989626, 0.018998
4.9000, 3.184204, 0.989815, 0.018698
4.9100, 3.194103, 0.990000, 0.018403
4.9200, 3.204004, 0.990183, 0.018110
4.9300, 3.213906, 0.990362, 0.017822
4.9400, 3.223811, 0.990539, 0.017538
4.9500, 3.233717, 0.990713, 0.017257
4.9600, 3.243625, 0.990884, 0.016980
4.9700, 3.253535, 0.991053, 0.016706
4.9800, 3.263446, 0.991219, 0.016436
4.9900, 3.273359, 0.991382, 0.016170
5.0000, 3.283274, 0.991542, 0.015907
5.0100, 3.293190, 0.991700, 0.015647
5.0200, 3.303108, 0.991855, 0.015391
5.0300, 3.313027, 0.992008, 0.015139
5.0400, 3.322948, 0.992158, 0.014890
5.0500, 3.332870, 0.992305, 0.014644
5.0600, 3.342794, 0.992451, 0.014402
5.0700, 3.352719, 0.992593, 0.014163
5.0800, 3.362646, 0.992734, 0.013927
5.0900, 3.372574, 0.992872, 0.013694
5.1000, 3.382503, 0.993008, 0.013465
5.1100, 3.392434, 0.993141, 0.013239
5.1200, 3.402366, 0.993273, 0.013016
5.1300, 3.412300, 0.993402, 0.012796
5.1400, 3.422234, 0.993528, 0.012579
5.1500, 3.432170, 0.993653, 0.012366
5.1600, 3.442107, 0.993776, 0.012155
5.1700, 3.452046, 0.993896, 0.011947
5.1800, 3.461985, 0.994015, 0.011742
5.1900, 3.471926, 0.994131, 0.011541
5.2000, 3.481868, 0.994246, 0.011342
5.2100, 3.491811, 0.994358, 0.011146
5.2200, 3.501755, 0.994468, 0.010953
5.2300, 3.511700, 0.994577, 0.010762
5.2400, 3.521646, 0.994684, 0.010575
5.2500, 3.531594, 0.994789, 0.010390
5.2600, 3.541542, 0.994892, 0.010208
5.2700, 3.551492, 0.994993, 0.010028
5.2800, 3.561442, 0.995092, 0.009852
5.2900, 3.571393, 0.995190, 0.009677
5.3000, 3.581346, 0.995286, 0.009506
5.3100, 3.591299, 0.995380, 0.009337
5.3200, 3.601253, 0.995472, 0.009171
5.3300, 3.611209, 0.995563, 0.009007
5.3400, 3.621165, 0.995653, 0.008845
5.3500, 3.631122, 0.995740, 0.008686
5.3600, 3.641080, 0.995826, 0.008530
5.3700, 3.651038, 0.995911, 0.008376
5.3800, 3.660998, 0.995994, 0.008224
5.3900, 3.670958, 0.996075, 0.008075
5.4000, 3.680919, 0.996155, 0.007928
5.4100, 3.690881, 0.996234, 0.007783
5.4200, 3.700844, 0.996311, 0.007640
5.4300, 3.710807, 0.996387, 0.007500
5.4400, 3.720772, 0.996461, 0.007362
5.4500, 3.730737, 0.996534, 0.007226
5.4600, 3.740702, 0.996606, 0.007092
5.4700, 3.750669, 0.996676, 0.006961
5.4800, 3.760636, 0.996745, 0.006831
5.4900, 3.770604, 0.996812, 0.006704
5.5000, 3.780572, 0.996879, 0.006579
5.5100, 3.790541, 0.996944, 0.006455
5.5200, 3.800511, 0.997008, 0.006334
5.5300, 3.810481, 0.997071, 0.006215
5.5400, 3.820452, 0.997132, 0.006097
5.5500, 3.830424, 0.997193, 0.005982
5.5600, 3.840396, 0.997252, 0.005868
5.5700, 3.850369, 0.997310, 0.005756
5.5800, 3.860342, 0.997367, 0.005646
5.5900, 3.870316, 0.997423, 0.005538
5.6000, 3.880291, 0.997478, 0.005432
5.6100, 3.890266, 0.997532, 0.005327
5.6200, 3.900241, 0.997584, 0.005225
5.6300, 3.910218, 0.997636, 0.005124
5.6400, 3.920194, 0.997687, 0.005024
5.6500, 3.930171, 0.997737, 0.004927
5.6600, 3.940149, 0.997785, 0.004831
5.6700, 3.950127, 0.997833, 0.004736
5.6800, 3.960106, 0.997880, 0.004644
5.6900, 3.970085, 0.997926, 0.004552
5.7000, 3.980064, 0.997971, 0.004463
5.7100, 3.990044, 0.998015, 0.004375
5.7200, 4.000024, 0.998059, 0.004288
5.7300, 4.010005, 0.998101, 0.004203
5.7400, 4.019986, 0.998143, 0.004120
5.7500, 4.029968, 0.998184, 0.004038
5.7600, 4.039950, 0.998223, 0.003957
5.7700, 4.049933, 0.998263, 0.003878
5.7800, 4.059915, 0.998301, 0.003800
5.7900, 4.069899, 0.998339, 0.003724
5.8000, 4.079882, 0.998376, 0.003648
5.8100, 4.089866, 0.998412, 0.003575
5.8200, 4.099850, 0.998447, 0.003502
5.8300, 4.109835, 0.998482, 0.003431
5.8400, 4.119820, 0.998516, 0.003361
5.8500, 4.129805, 0.998549, 0.003293
5.8600, 4.139791, 0.998582, 0.003225
5.8700, 4.149777, 0.998613, 0.003159
5.8800, 4.159763, 0.998645, 0.003094
5.8900, 4.169750, 0.998675, 0.003030
5.9000, 4.179737, 0.998705, 0.002968
5.9100, 4.189724, 0.998735, 0.002906
5.9200, 4.199711, 0.998763, 0.002846
5.9300, 4.209699, 0.998792, 0.002787
5.9400, 4.219687, 0.998819, 0.002729
5.9500, 4.229676, 0.998846, 0.002672
5.9600, 4.239664, 0.998873, 0.002616
5.9700, 4.249653, 0.998898, 0.002561
5.9800, 4.259642, 0.998924, 0.002507
5.9900, 4.269631, 0.998949, 0.002454
6.0000, 4.279621, 0.998973, 0.002402
6.0100, 4.289611, 0.998997, 0.002351
6.0200, 4.299601, 0.999020, 0.002301
6.0300, 4.309591, 0.999043, 0.002252
6.0400, 4.319582, 0.999065, 0.002204
6.0500, 4.329573, 0.999087, 0.002157
6.0600, 4.339564, 0.999108, 0.002111
6.0700, 4.349555, 0.999129, 0.002065
6.0800, 4.359546, 0.999149, 0.002021
6.0900, 4.369538, 0.999169, 0.001977
6.1000, 4.379530, 0.999189, 0.001934
6.1100, 4.389522, 0.999208, 0.001893
6.1200, 4.399514, 0.999227, 0.001851
6.1300, 4.409506, 0.999245, 0.001811
6.1400, 4.419499, 0.999263, 0.001772
6.1500, 4.429491, 0.999281, 0.001733
6.1600, 4.439484, 0.999298, 0.001695
6.1700, 4.449477, 0.999314, 0.001658
6.1800, 4.459471, 0.999331, 0.001621
6.1900, 4.469464, 0.999347, 0.001585
6.2000, 4.479457, 0.999363, 0.001550
6.2100, 4.489451, 0.999378, 0.001516
6.2200, 4.499445, 0.999393, 0.001482
6.2300, 4.509439, 0.999408, 0.001449
6.2400, 4.519433, 0.999422, 0.001417
6.2500, 4.529427, 0.999436, 0.001385
6.2600, 4.539422, 0.999450, 0.001354
6.2700, 4.549416, 0.999463, 0.001324
6.2800, 4.559411, 0.999476, 0.001294
6.2900, 4.569406, 0.999489, 0.001265
6.3000, 4.579401, 0.999501, 0.001236
6.3100, 4.589396, 0.999514, 0.001208
6.3200, 4.599391, 0.999526, 0.001181
6.3300, 4.609387, 0.999537, 0.001154
6.3400, 4.619382, 0.999549, 0.001127
6.3500, 4.629377, 0.999560, 0.001102
6.3600, 4.639373, 0.999571, 0.001076
6.3700, 4.649369, 0.999581, 0.001052
6.3800, 4.659365, 0.999592, 0.001027
6.3900, 4.669361, 0.999602, 0.001004
6.4000, 4.679357, 0.999612, 0.000981
6.4100, 4.689353, 0.999621, 0.000958
6.4200, 4.699349, 0.999631, 0.000936
6.4300, 4.709346, 0.999640, 0.000914
6.4400, 4.719342, 0.999649, 0.000893
6.4500, 4.729339, 0.999658, 0.000872
6.4600, 4.739335, 0.999667, 0.000851
6.4700, 4.749332, 0.999675, 0.000831
6.4800, 4.759329, 0.999683, 0.000812
6.4900, 4.769326, 0.999691, 0.000793
6.5000, 4.779323, 0.999699, 0.000774
6.5100, 4.789320, 0.999707, 0.000756
6.5200, 4.799317, 0.999714, 0.000738
6.5300, 4.809314, 0.999722, 0.000720
6.5400, 4.819311, 0.999729, 0.000703
6.5500, 4.829308, 0.999736, 0.000686
6.5600, 4.839306, 0.999742, 0.000670
6.5700, 4.849303, 0.999749, 0.000654
6.5800, 4.859301, 0.999755, 0.000638
6.5900, 4.869298, 0.999762, 0.000623
6.6000, 4.879296, 0.999768, 0.000608
6.6100, 4.889294, 0.999774, 0.000593
6.6200, 4.899291, 0.999780, 0.000579
6.6300, 4.909289, 0.999785, 0.000565
6.6400, 4.919287, 0.999791, 0.000551
6.6500, 4.929285, 0.999797, 0.000538
6.6600, 4.939283, 0.999802, 0.000525
6.6700, 4.949281, 0.999807, 0.000512
6.6800, 4.959279, 0.999812, 0.000499
6.6900, 4.969277, 0.999817, 0.000487
6.7000, 4.979276, 0.999822, 0.000475
6.7100, 4.989274, 0.999827, 0.000464
6.7200, 4.999272, 0.999831, 0.000452
6.7300, 5.009270, 0.999836, 0.000441
6.7400, 5.019269, 0.999840, 0.000430
6.7500, 5.029267, 0.999844, 0.000419
6.7600, 5.039266, 0.999848, 0.000409
6.7700, 5.049264, 0.999852, 0.000399
6.7800, 5.059263, 0.999856, 0.000389
6.7900, 5.069261, 0.999860, 0.000379
6.8000, 5.079260, 0.999864, 0.000370
6.8100, 5.089259, 0.999868, 0.000360
6.8200, 5.099257, 0.999871, 0.000351
6.8300, 5.109256, 0.999875, 0.000342
6.8400, 5.119255, 0.999878, 0.000334
6.8500, 5.129254, 0.999881, 0.000325
6.8600, 5.139252, 0.999884, 0.000317
6.8700, 5.149251, 0.999888, 0.000309
6.8800, 5.159250, 0.999891, 0.000301
6.8900, 5.169249, 0.999894, 0.000293
6.9000, 5.179248, 0.999896, 0.000286
6.9100, 5.189247, 0.999899, 0.000279
6.9200, 5.199246, 0.999902, 0.000272
6.9300, 5.209245, 0.999905, 0.000265
6.9400, 5.219244, 0.999907, 0.000258
6.9500, 5.229243, 0.999910, 0.000251
6.9600, 5.239242, 0.999912, 0.000245
6.9700, 5.249241, 0.999915, 0.000238
6.9800, 5.259241, 0.999917, 0.000232
6.9900, 5.269240, 0.999919, 0.000226
7.0000, 5.279239, 0.999922, 0.000220
7.0100, 5.289238, 0.999924, 0.000214
7.0200, 5.299237, 0.999926, 0.000209
7.0300, 5.309237, 0.999928, 0.000203
7.0400, 5.319236, 0.999930, 0.000198
7.0500, 5.329235, 0.999932, 0.000193
7.0600, 5.339235, 0.999934, 0.000188
7.0700, 5.349234, 0.999936, 0.000183
7.0800, 5.359233, 0.999938, 0.000178
7.0900, 5.369233, 0.999939, 0.000173
7.1000, 5.379232, 0.999941, 0.000169
7.1100, 5.389232, 0.999943, 0.000164
7.1200, 5.399231, 0.999944, 0.000160
7.1300, 5.409230, 0.999946, 0.000156
7.1400, 5.419230, 0.999947, 0.000151
7.1500, 5.429229, 0.999949, 0.000147
7.1600, 5.439229, 0.999950, 0.000143
7.1700, 5.449228, 0.999952, 0.000140
7.1800, 5.459228, 0.999953, 0.000136
7.1900, 5.469228, 0.999954, 0.000132
7.2000, 5.479227, 0.999956, 0.000129
7.2100, 5.489227, 0.999957, 0.000125
7.2200, 5.499226, 0.999958, 0.000122
7.2300, 5.509226, 0.999959, 0.000118
7.2400, 5.519225, 0.999961, 0.000115
7.2500, 5.529225, 0.999962, 0.000112
7.2600, 5.539225, 0.999963, 0.000109
7.2700, 5.549224, 0.999964, 0.000106
7.2800, 5.559224, 0.999965, 0.000103
7.2900, 5.569224, 0.999966, 0.000100
7.3000, 5.579223, 0.999967, 0.000098
7.3100, 5.589223, 0.999968, 0.000095
7.3200, 5.599223, 0.999969, 0.000092
7.3300, 5.609222, 0.999970, 0.000090
7.3400, 5.619222, 0.999971, 0.000087
7.3500, 5.629222, 0.999972, 0.000085
7.3600, 5.639221, 0.999972, 0.000082
7.3700, 5.649221, 0.999973, 0.000080
7.3800, 5.659221, 0.999974, 0.000078
7.3900, 5.669221, 0.999975, 0.000076
7.4000, 5.679220, 0.999975, 0.000074
7.4100, 5.689220, 0.999976, 0.000072
7.4200, 5.699220, 0.999977, 0.000070
7.4300, 5.709220, 0.999978, 0.000068
7.4400, 5.719219, 0.999978, 0.000066
7.4500, 5.729219, 0.999979, 0.000064
7.4600, 5.739219, 0.999980, 0.000062
7.4700, 5.749219, 0.999980, 0.000060
7.4800, 5.759219, 0.999981, 0.000059
7.4900, 5.769218, 0.999981, 0.000057
7.5000, 5.779218, 0.999982, 0.000055
7.5100, 5.789218, 0.999982, 0.000054
7.5200, 5.799218, 0.999983, 0.000052
7.5300, 5.809218, 0.999983, 0.000051
7.5400, 5.819218, 0.999984, 0.000049
7.5500, 5.829217, 0.999984, 0.000048
7.5600, 5.839217, 0.999985, 0.000046
7.5700, 5.849217, 0.999985, 0.000045
7.5800, 5.859217, 0.999986, 0.000044
7.5900, 5.869217, 0.999986, 0.000043
7.6000, 5.879217, 0.999987, 0.000041
7.6100, 5.889217, 0.999987, 0.000040
7.6200, 5.899216, 0.999987, 0.000039
7.6300, 5.909216, 0.999988, 0.000038
7.6400, 5.919216, 0.999988, 0.000037
7.6500, 5.929216, 0.999989, 0.000036
7.6600, 5.939216, 0.999989, 0.000035
7.6700, 5.949216, 0.999989, 0.000034
7.6800, 5.959216, 0.999990, 0.000033
7.6900, 5.969216, 0.999990, 0.000032
7.7000, 5.979216, 0.999990, 0.000031
7.7100, 5.989215, 0.999991, 0.000030
7.7200, 5.999215, 0.999991, 0.000029
7.7300, 6.009215, 0.999991, 0.000028
7.7400, 6.019215, 0.999991, 0.000027
7.7500, 6.029215, 0.999992, 0.000026
7.7600, 6.039215, 0.999992, 0.000026
7.7700, 6.049215, 0.999992, 0.000025
7.7800, 6.059215, 0.999992, 0.000024
7.7900, 6.069215, 0.999993, 0.000023
7.8000, 6.079215, 0.999993, 0.000023
7.8100, 6.089215, 0.999993, 0.000022
7.8200, 6.099215, 0.999993, 0.000021
7.8300, 6.109215, 0.999994, 0.000021
7.8400, 6.119214, 0.999994, 0.000020
7.8500, 6.129214, 0.999994, 0.000019
7.8600, 6.139214, 0.999994, 0.000019
7.8700, 6.149214, 0.999994, 0.000018
7.8800, 6.159214, 0.999995, 0.000018
7.8900, 6.169214, 0.999995, 0.000017
7.9000, 6.179214, 0.999995, 0.000017
7.9100, 6.189214, 0.999995, 0.000016
7.9200, 6.199214, 0.999995, 0.000016
7.9300, 6.209214, 0.999995, 0.000015
7.9400, 6.219214, 0.999996, 0.000015
7.9500, 6.229214, 0.999996, 0.000014
7.9600, 6.239214, 0.999996, 0.000014
7.9700, 6.249214, 0.999996, 0.000013
7.9800, 6.259214, 0.999996, 0.000013
7.9900, 6.269214, 0.999996, 0.000013
8.0000, 6.279214, 0.999996, 0.000012
8.0100, 6.289214, 0.999996, 0.000012
8.0200, 6.299214, 0.999997, 0.000011
8.0300, 6.309214, 0.999997, 0.000011
8.0400, 6.319214, 0.999997, 0.000011
8.0500, 6.329214, 0.999997, 0.000010
8.0600, 6.339213, 0.999997, 0.000010
8.0700, 6.349213, 0.999997, 0.000010
8.0800, 6.359213, 0.999997, 0.000010
8.0900, 6.369213, 0.999997, 0.000009
8.1000, 6.379213, 0.999997, 0.000009
8.1100, 6.389213, 0.999997, 0.000009
8.1200, 6.399213, 0.999998, 0.000008
8.1300, 6.409213, 0.999998, 0.000008
8.1400, 6.419213, 0.999998, 0.000008
8.1500, 6.429213, 0.999998, 0.000008
8.1600, 6.439213, 0.999998, 0.000007
8.1700, 6.449213, 0.999998, 0.000007
8.1800, 6.459213, 0.999998, 0.000007
8.1900, 6.469213, 0.999998, 0.000007
8.2000, 6.479213, 0.999998, 0.000006
8.2100, 6.489213, 0.999998, 0.000006
8.2200, 6.499213, 0.999998, 0.000006
8.2300, 6.509213, 0.999998, 0.000006
8.2400, 6.519213, 0.999998, 0.000006
8.2500, 6.529213, 0.999998, 0.000005
8.2600, 6.539213, 0.999998, 0.000005
8.2700, 6.549213, 0.999999, 0.000005
8.2800, 6.559213, 0.999999, 0.000005
8.2900, 6.569213, 0.999999, 0.000005
8.3000, 6.579213, 0.999999, 0.000005
8.3100, 6.589213, 0.999999, 0.000005
8.3200, 6.599213, 0.999999, 0.000004
8.3300, 6.609213, 0.999999, 0.000004
8.3400, 6.619213, 0.999999, 0.000004
8.3500, 6.629213, 0.999999, 0.000004
8.3600, 6.639213, 0.999999, 0.000004
8.3700, 6.649213, 0.999999, 0.000004
8.3800, 6.659213, 0.999999, 0.000004
8.3900, 6.669213, 0.999999, 0.000003
8.4000, 6.679213, 0.999999, 0.000003
8.4100, 6.689213, 0.999999, 0.000003
8.4200, 6.699213, 0.999999, 0.000003
8.4300, 6.709213, 0.999999, 0.000003
8.4400, 6.719213, 0.999999, 0.000003
8.4500, 6.729213, 0.999999, 0.000003
8.4600, 6.739213, 0.999999, 0.000003
8.4700, 6.749213, 0.999999, 0.000003
8.4800, 6.759213, 0.999999, 0.000003
8.4900, 6.769213, 0.999999, 0.000002
8.5000, 6.779213, 0.999999, 0.000002
8.5100, 6.789213, 0.999999, 0.000002
8.5200, 6.799213, 0.999999, 0.000002
8.5300, 6.809213, 0.999999, 0.000002
8.5400, 6.819213, 0.999999, 0.000002
8.5500, 6.829213, 0.999999, 0.000002
8.5600, 6.839213, 0.999999, 0.000002
8.5700, 6.849213, 1.000000, 0.000002
8.5800, 6.859213, 1.000000, 0.000002
8.5900, 6.869213, 1.000000, 0.000002
8.6000, 6.879213, 1.000000, 0.000002
8.6100, 6.889213, 1.000000, 0.000002
8.6200, 6.899213, 1.000000, 0.000002
8.6300, 6.909213, 1.000000, 0.000002
8.6400, 6.919213, 1.000000, 0.000001
8.6500, 6.929213, 1.000000, 0.000001
8.6600, 6.939213, 1.000000, 0.000001
8.6700, 6.949213, 1.000000, 0.000001
8.6800, 6.959213, 1.000000, 0.000001
8.6900, 6.969213, 1.000000, 0.000001
8.7000, 6.979213, 1.000000, 0.000001
8.7100, 6.989213, 1.000000, 0.000001
8.7200, 6.999213, 1.000000, 0.000001
8.7300, 7.009213, 1.000000, 0.000001
8.7400, 7.019213, 1.000000, 0.000001
8.7500, 7.029213, 1.000000, 0.000001
8.7600, 7.039213, 1.000000, 0.000001
8.7700, 7.049213, 1.000000, 0.000001
8.7800, 7.059213, 1.000000, 0.000001
8.7900, 7.069213, 1.000000, 0.000001
8.8000, 7.079213, 1.000000, 0.000001
8.8100, 7.089213, 1.000000, 0.000001
8.8200, 7.099213, 1.000000, 0.000001
8.8300, 7.109213, 1.000000, 0.000001
8.8400, 7.119213, 1.000000, 0.000001
8.8500, 7.129213, 1.000000, 0.000001
8.8600, 7.139213, 1.000000, 0.000001
8.8700, 7.149213, 1.000000, 0.000001
8.8800, 7.159213, 1.000000, 0.000001
8.8900, 7.169213, 1.000000, 0.000001
8.9000, 7.179213, 1.000000, 0.000001
8.9100, 7.189213, 1.000000, 0.000001
8.9200, 7.199213, 1.000000, 0.000001
8.9300, 7.209213, 1.000000, 0.000001
8.9400, 7.219213, 1.000000, 0.000001
8.9500, 7.229213, 1.000000, 0.000000
8.9600, 7.239213, 1.000000, 0.000000
8.9700, 7.249213, 1.000000, 0.000000
8.9800, 7.259213, 1.000000, 0.000000
8.9900, 7.269213, 1.000000, 0.000000
9.0000, 7.279213, 1.000000, 0.000000
9.0100, 7.289213, 1.000000, 0.000000
9.0200, 7.299213, 1.000000, 0.000000
9.0300, 7.309213, 1.000000, 0.000000
9.0400, 7.319213, 1.000000, 0.000000
9.0500, 7.329213, 1.000000, 0.000000
9.0600, 7.339213, 1.000000, 0.000000
9.0700, 7.349213, 1.000000, 0.000000
9.0800, 7.359213, 1.000000, 0.000000
9.0900, 7.369213, 1.000000, 0.000000
9.1000, 7.379213, 1.000000, 0.000000
9.1100, 7.389213, 1.000000, 0.000000
9.1200, 7.399213, 1.000000, 0.000000
9.1300, 7.409213, 1.000000, 0.000000
9.1400, 7.419213, 1.000000, 0.000000
9.1500, 7.429213, 1.000000, 0.000000
9.1600, 7.439213, 1.000000, 0.000000
9.1700, 7.449213, 1.000000, 0.000000
9.1800, 7.459213, 1.000000, 0.000000
9.1900, 7.469213, 1.000000, 0.000000
9.2000, 7.479213, 1.000000, 0.000000
9.2100, 7.489213, 1.000000, 0.000000
9.2200, 7.499213, 1.000000, 0.000000
9.2300, 7.509213, 1.000000, 0.000000
9.2400, 7.519213, 1.000000, 0.000000
9.2500, 7.529213, 1.000000, 0.000000
9.2600, 7.539213, 1.000000, 0.000000
9.2700, 7.549213, 1.000000, 0.000000
9.2800, 7.559213, 1.000000, 0.000000
9.2900, 7.569213, 1.000000, 0.000000
9.3000, 7.579213, 1.000000, 0.000000
9.3100, 7.589213, 1.000000, 0.000000
9.3200, 7.599213, 1.000000, 0.000000
9.3300, 7.609213, 1.000000, 0.000000
9.3400, 7.619213, 1.000000, 0.000000
9.3500, 7.629213, 1.000000, 0.000000
9.3600, 7.639213, 1.000000, 0.000000
9.3700, 7.649213, 1.000000, 0.000000
9.3800, 7.659213, 1.000000, 0.000000
9.3900, 7.669213, 1.000000, 0.000000
9.4000, 7.679213, 1.000000, 0.000000
9.4100, 7.689213, 1.000000, 0.000000
9.4200, 7.699213, 1.000000, 0.000000
9.4300, 7.709213, 1.000000, 0.000000
9.4400, 7.719213, 1.000000, 0.000000
9.4500, 7.729213, 1.000000, 0.000000
9.4600, 7.739213, 1.000000, 0.000000
9.4700, 7.749213, 1.000000, 0.000000
9.4800, 7.759213, 1.000000, 0.000000
9.4900, 7.769213, 1.000000, 0.000000
9.5000, 7.779213, 1.000000, 0.000000
9.5100, 7.789213, 1.000000, 0.000000
9.5200, 7.799213, 1.000000, 0.000000
9.5300, 7.809213, 1.000000, 0.000000
9.5400, 7.819213, 1.000000, 0.000000
9.5500, 7.829213, 1.000000, 0.000000
9.5600, 7.839213, 1.000000, 0.000000
9.5700, 7.849213, 1.000000, 0.000000
9.5800, 7.859213, 1.000000, 0.000000
9.5900, 7.869213, 1.000000, 0.000000
9.6000, 7.879213, 1.000000, 0.000000
9.6100, 7.889213, 1.000000, 0.000000
9.6200, 7.899213, 1.000000, 0.000000
9.6300, 7.909213, 1.000000, 0.000000
9.6400, 7.919213, 1.000000, 0.000000
9.6500, 7.929213, 1.000000, 0.000000
9.6600, 7.939213, 1.000000, 0.000000
9.6700, 7.949213, 1.000000, 0.000000
9.6800, 7.959213, 1.000000, 0.000000
9.6900, 7.969213, 1.000000, 0.000000
9.7000, 7.979213, 1.000000, 0.000000
9.7100, 7.989213, 1.000000, 0.000000
9.7200, 7.999213, 1.000000, 0.000000
9.7300, 8.009213, 1.000000, 0.000000
9.7400, 8.019213, 1.000000, 0.000000
9.7500, 8.029213, 1.000000, 0.000000
9.7600, 8.039213, 1.000000, 0.000000
9.7700, 8.049213, 1.000000, 0.000000
9.7800, 8.059213, 1.000000, 0.000000
9.7900, 8.069213, 1.000000, 0.000000
9.8000, 8.079213, 1.000000, 0.000000
9.8100, 8.089213, 1.000000, 0.000000
9.8200, 8.099213, 1.000000, 0.000000
9.8300, 8.109213, 1.000000, 0.000000
9.8400, 8.119213, 1.000000, 0.000000
9.8500, 8.129213, 1.000000, 0.000000
9.8600, 8.139213, 1.000000, 0.000000
9.8700, 8.149213, 1.000000, 0.000000
9.8800, 8.159213, 1.000000, 0.000000
9.8900, 8.169213, 1.000000, 0.000000
9.9000, 8.179213, 1.000000, 0.000000
9.9100, 8.189213, 1.000000, 0.000000
9.9200, 8.199213, 1.000000, 0.000000
9.9300, 8.209213, 1.000000, 0.000000
9.9400, 8.219213, 1.000000, 0.000000
9.9500, 8.229213, 1.000000, 0.000000
9.9600, 8.239213, 1.000000, 0.000000
9.9700, 8.249213, 1.000000, 0.000000
9.9800, 8.259213, 1.000000, 0.000000
9.9900, 8.269213, 1.000000, 0.000000
10.0000, 8.279213, 1.000000, 0.000000
10.0100, 8.289213, 1.000000, 0.000000
